192 65
196 226
145 38
219 193
232 116
79 252
147 220
164 135
118 35
198 22
178 108
68 226
89 229
237 176
109 55
123 93
70 179
59 247
172 60
162 203
168 133
41 159
28 226
100 252
207 220
218 149
8 80
41 96
144 236
105 185
78 158
77 191
138 231
195 182
56 167
202 234
239 242
170 219
210 0
43 2
153 151
89 255
110 236
164 19
18 127
215 152
252 232
38 239
39 106
77 171
248 45
137 103
131 11
197 158
176 99
177 148
222 108
212 199
233 82
82 151
44 7
248 72
220 214
66 208
107 135
96 243
239 233
188 180
176 141
163 230
124 219
161 88
18 73
74 7
144 32
250 54
103 18
136 223
108 42
19 241
210 111
97 38
65 13
84 151
78 247
157 185
169 86
198 122
175 212
54 42
249 170
87 181
214 58
169 154
190 99
86 120
250 119
150 97
73 14
147 83
122 155
48 229
135 105
52 61
193 182
165 10
14 213
226 110
98 4
109 243
125 195
101 226
202 11
104 16
75 202
154 64
149 244
56 17
59 131
216 157
180 200
202 241
196 40
70 25
134 79
248 71
243 54
53 49
33 185
101 207
89 35
194 112
231 200
36 146
249 31
5 143
10 160
146 13
73 135
199 222
21 197
209 134
162 128
126 220
161 232
141 9
218 139
79 204
147 134
119 152
20 149
98 100
97 20
187 204
11 57
87 32
100 205
198 115
218 79
163 63
33 181
81 188
66 10
238 38
47 113
61 35
69 4
219 190
96 10
235 174
51 141
161 125
128 134
249 239
231 149
188 197
32 108
222 234
101 56
137 209
162 10
202 64
206 198
247 178
232 68
73 248
6 194
190 154
207 69
145 210
57 192
92 137
230 49
42 64
7 165
226 57
186 68
116 33
220 4
31 116
51 129
19 225
171 157
234 32
180 30
127 207
29 66
128 199
182 71
50 86
255 71
141 232
240 246
152 109
174 215
90 47
58 140
188 159
226 58
207 119
163 227
246 231
129 239
55 170
147 130
18 53
154 67
175 155
248 32
139 118
15 131
254 116
2 170
9 234
30 136
226 199
55 64
243 235
61 179
111 3
41 84
73 120
142 199
24 200
117 92
237 165
146 66
201 198
59 240
163 108
133 6
80 172
185 64
114 134
97 26
133 72
71 12
198 162
48 71
33 38
117 52
216 194
29 45
238 197
184 1
194 149
103 46
253 45
168 236
186 87
22 41
242 136
120 171
59 28
57 174
233 171
34 160
112 130
51 173
149 116
70 168
65 104
138 21
22 106
176 105
89 150
128 24
186 167
48 240
35 99
204 22
94 150
41 95
88 230
147 15
79 25
78 227
191 172
241 192
169 145
165 24
43 203
47 85
253 136
18 249
26 230
21 94
143 228
93 130
133 227
153 158
239 67
227 201
70 17
130 183
223 133
238 58
26 16
145 97
73 132
212 16
232 16
21 69
219 205
18 205
246 220
228 227
103 103
157 217
225 184
23 58
61 200
239 161
235 83
245 3
13 204
58 26
216 239
27 117
108 191
175 85
199 96
210 108
255 151
203 48
201 181
120 192
113 37
231 225
187 66
149 77
200 35
162 53
196 42
96 255
128 76
2 219
38 194
58 173
148 222
135 28
128 242
192 28
61 137
204 128
145 36
35 249
105 108
184 234
112 126
84 214
7 160
188 129
175 244
239 118
52 177
29 160
123 11
171 220
234 175
158 184
153 83
103 153
85 169
181 149
150 131
7 180
18 238
186 47
164 51
150 130
186 3
74 87
194 132
70 101
206 244
174 50
127 191
99 29
171 192
195 100
69 23
75 248
144 93
118 71
133 248
55 147
212 113
218 53
28 9
148 48
101 247
106 76
101 253
127 43
52 177
235 132
243 231
242 2
223 236
58 29
141 204
36 168
249 20
28 186
49 250
145 210
117 107
21 104
4 93
62 210
126 154
47 242
211 197
189 110
174 221
142 181
142 77
160 198
213 96
169 2
53 2
37 46
204 173
253 178
97 151
255 18
180 33
41 108
242 6
111 224
171 21
85 68
170 15
212 221
159 179
15 57
144 3
122 87
11 148
178 252
180 129
67 168
157 182
214 12
142 167
139 175
138 246
47 242
120 205
140 53
231 242
203 251
11 254
68 182
249 3
167 20
222 79
251 204
81 58
235 4
48 153
59 14
212 74
136 111
253 96
56 247
85 202
37 20
244 100
105 216
252 173
212 30
16 227
106 47
28 117
75 6
8 177
227 41
20 138
236 182
14 4
188 83
206 15
92 32
214 81
148 116
12 164
214 125
2 173
254 205
21 246
17 199
15 209
215 185
193 66
11 177
145 104
142 170
153 174
178 158
26 55
56 42
194 24
255 186
92 143
196 38
227 205
188 49
91 185
188 135
146 223
248 9
31 23
139 94
236 209
206 220
59 117
111 115
3 219
226 238
183 88
214 56
59 153
231 174
71 1
23 108
138 130
40 200
134 154
41 167
108 133
245 75
246 94
81 71
157 36
218 55
192 70
95 219
123 131
41 42
205 196
124 62
107 72
154 68
176 253
100 13
29 147
164 183
249 38
40 251
155 3
11 172
250 20
154 235
18 132
121 35
168 125
240 57
229 154
206 187
99 13
253 231
68 234
246 235
149 66
16 206
139 34
82 91
168 30
107 205
2 155
199 117
182 136
237 86
44 243
222 81
108 238
126 129
189 47
113 52
237 181
136 178
104 51
190 202
79 3
241 193
30 78
21 59
30 210
143 35
76 165
102 182
162 131
129 67
63 216
159 64
44 200
97 192
136 170
247 126
96 100
170 145
119 20
181 87
169 60
110 122
216 23
142 41
79 19
207 125
10 131
16 250
57 173
153 239
42 43
31 1
127 39
158 17
123 24
32 44
247 35
158 203
106 5
228 46
124 199
187 67
149 199
30 181
109 144
163 117
4 49
171 248
240 193
18 242
62 213
224 231
214 156
94 63
110 63
97 149
150 118
75 216
164 62
36 68
198 156
151 94
109 130
194 181
157 35
70 116
127 31
29 5
113 215
224 94
198 94
36 62
252 52
165 55
77 25
122 117
35 100
197 220
155 205
128 210
67 149
184 91
216 235
54 105
179 55
211 173
182 249
115 42
235 56
84 45
114 219
212 121
246 59
60 207
99 21
191 79
63 62
119 203
157 152
252 167
117 135
251 185
172 216
111 70
74 138
189 134
43 181
119 165
4 252
171 245
26 74
218 181
122 156
247 113
240 246
11 230
226 243
135 21
75 167
250 138
215 253
121 210
163 239
199 33
152 190
60 95
251 175
229 195
251 162
244 126
133 193
167 247
166 28
135 218
86 154
97 203
58 255
224 66
227 252
173 244
198 242
201 141
170 113
218 23
147 206
218 253
150 229
206 2
88 221
8 15
224 160
56 229
110 164
110 12
14 168
93 4
34 114
5 202
61 252
76 101
45 222
58 255
137 53
202 93
163 67
98 139
88 132
240 151
26 147
100 249
143 222
230 98
125 251
6 55
89 154
254 171
66 130
194 17
197 231
239 16
190 43
39 205
213 145
173 181
60 48
62 123
186 149
47 150
38 148
189 11
229 181
17 245
234 168
72 146
62 132
227 114
143 17
63 74
75 50
198 22
192 155
106 210
92 75
184 63
39 99
218 137
200 119
6 21
18 204
80 96
37 162
13 113
33 137
171 166
246 18
145 193
117 253
202 215
185 171
201 155
7 107
139 49
60 10
93 242
74 220
169 76
92 8
142 254
212 235
118 118
180 52
213 244
219 153
127 209
129 205
103 123
136 193
181 152
46 36
22 209
193 34
140 240
10 166
98 35
207 163
67 222
142 139
134 88
100 53
126 221
51 140
171 17
239 161
12 132
51 79
173 38
218 192
191 87
230 246
14 48
48 182
20 188
50 144
42 6
127 71
110 119
110 125
248 43
66 248
150 178
140 109
30 105
226 58
79 243
185 41
111 159
130 237
173 180
169 79
136 210
24 121
75 134
187 8
126 82
12 220
27 216
188 241
79 116
105 132
68 118
135 189
30 15
242 56
43 192
230 123
0 91
239 238
89 143
63 23
154 77
38 107
241 89
46 100
126 224
184 45
232 238
238 241
234 234
197 172
53 172
167 245
39 83
82 221
219 115
228 229
148 132
249 154
203 44
105 154
42 237
245 4
23 200
55 143
248 53
139 197
101 10
32 90
24 164
181 244
21 68
112 108
52 211
204 117
207 126
93 43
232 103
85 216
11 27
149 150
233 243
155 63
84 27
255 254
249 194
180 14
18 171
15 231
166 56
132 69
178 131
61 165
195 25
250 197
68 204
26 65
169 199
75 43
206 45
65 251
73 211
232 173
189 113
204 1
75 234
111 39
44 254
98 254
133 66
247 128
237 13
212 235
78 37
101 169
176 238
78 168
80 18
47 202
186 135
126 14
205 86
148 143
92 2
206 196
130 138
229 64
76 163
167 86
149 174
105 213
237 56
241 25
90 249
190 109
142 56
163 244