570 803
1030 2008
1831 1054
1875 427
1996 660
1638 541
1646 1799
532 1750
615 1392
577 504
115 1488
1438 465
1977 772
1874 1353
1104 195
75 653
1499 584
136 261
33 810
580 1256
720 745
273 655
957 1551
1097 283
1238 412
1629 1773
367 1223
1046 317
270 896
1137 398
816 70
1384 1614
1432 1273
1283 1173
1668 138
716 537
1483 1648
373 1106
708 1771
1562 394
779 1193
846 1576
1448 293
1322 1124
764 705
1757 330
65 715
1153 1016
1056 438
2005 1270
723 644
1792 601
1160 1099
41 1138
291 173
1819 1743
830 1633
1565 1197
353 1828
1042 674
1041 1075
1925 681
1908 1253
928 752
1772 216
1334 1007
958 1180
1766 350
1892 811
837 1018
49 727
6 1372
1825 1447
93 547
187 1895
1156 865
1513 20
74 999
1031 1429
1988 1511
1119 437
1063 1631
106 39
56 1578
843 1963
1293 127
1342 207
336 1923
2046 1362
1211 1384
1088 1664
1103 233
1968 1018
696 815
1922 808
479 920
1763 1055
935 1694
63 1981
1767 1273
1980 1038
979 75
101 1323
1920 972
480 1882
1496 455
1272 348
972 1620
175 1739
547 1043
342 508
903 1955
284 592
1077 401
1078 422
1649 1597
1756 1376
1833 1594
1502 240
339 1378
444 642
880 214
1019 664
273 1199
1752 1043
1257 1731
747 309
1924 1942
1812 1858
400 598
1469 1303
2033 1757
903 525
1624 306
1505 692
927 691
691 1625
443 1284
403 1218
487 830
1384 711
287 1241
1105 335
541 33
128 1386
200 168
1817 1644
259 1411
363 1486
1058 845
1802 427
1803 1586
1609 434
1830 202
2024 1403
147 1765
1916 881
103 2001
1374 162
1317 1636
2038 473
1686 1502
337 1599
1891 297
820 1809
968 1192
1867 151
900 1349
946 1905
1101 1660
1327 1412
1884 1225
714 447
1826 1333
1897 451
994 380
842 1997
504 1184
929 1896
1388 1207
697 439
859 1496
1883 1192
1407 339
542 1498
569 1236
350 440
1765 1025
1604 1409
745 1121
897 2010
684 31
209 164
1813 1841
125 2023
828 992
1835 838
1875 1549
1215 1084
259 1797
531 1067
748 1043
883 225
831 646
220 1802
1086 503
299 1239
1627 1649
1477 1075
1647 118
1040 183
193 1302
1370 1151
884 211
1607 393
1654 1963
457 693
54 2006
572 645
978 314
1086 763
1946 1272
440 1421
1917 2046
427 1430
1113 914
75 131
1145 1194
1525 1117
1262 1924
1826 1331
1342 197
151 340
1224 399
1184 655
520 802
1954 369
437 400
1036 1984
1363 471
694 79
1200 1594
630 1354
773 1308
1500 123
466 608
1141 1225
26 1460
1373 75
928 1953
1411 1511
701 964
1685 1189
791 1393
1281 1553
1175 215
1857 484
1766 423
1620 237
893 136
1138 1760
459 1353
373 293
1869 1946
1026 1934
426 1327
1821 1007
1661 168
2007 749
1787 503
69 1492
1540 25
77 982
1615 1584
705 1174
1168 1854
1020 1336
1050 1068
1552 182
1173 1889
1515 119
1460 1674
488 229
1159 523
62 36
367 2004
1474 723
181 906
249 521
696 1430
991 1818
1646 1932
9 370
1763 783
1056 439
1243 1501
396 1493
687 1610
782 1330
1172 1714
1433 636
189 126
1946 1265
1077 687
1818 396
1343 2023
1740 570
1393 673
1498 1989
952 1478
1818 74
956 1576
1261 1654
40 1804
1633 1444
880 1769
1451 1724
1573 307
1177 958
1649 1925
204 979
1411 1820
739 706
412 669
733 545
1397 855
593 1145
1228 1564
1869 1544
1300 1505
2015 131
1614 681
1309 2018
473 941
827 1002
349 1435
771 589
778 1361
1142 1961
1743 1492
1320 1280
863 251
443 1060
1707 244
1466 112
233 347
187 925
246 1763
642 1576
1592 129
307 680
1128 1343
1342 1645
1785 426
1318 1024
476 807
511 1451
1417 205
321 1232
989 28
1722 889
1773 323
995 1840
674 1531
353 380
1640 1818
900 753
1473 1763
1576 534
536 2016
1455 2008
1609 912
1630 1498
1674 41
1684 359
1385 1568
251 766
2021 768
1576 450
1468 1890
327 854
1054 1902
790 183
1878 680
1362 1129
779 1657
1353 1033
242 1240
1433 202
1647 414
398 2010
837 1997
267 877
1522 1691
1493 218
1621 604
1245 1024
193 329
477 1531
930 7
1511 1805
239 1952
652 1251
861 363
493 1449
768 1698
1812 684
1670 1907
536 1720
1739 117
1497 680
873 2030
1297 1851
1481 1349
1149 1487
1600 430
1655 1992
1573 173
476 1995
1004 349
812 894
325 1238
650 609
347 1613
1461 1969
54 919
122 1172
1768 2038
1079 1106
114 891
1158 311
1102 382
448 658
1911 1103
1371 1977
1733 148
1898 618
1110 772
454 740
198 26
1710 1986
712 189
1415 690
140 1382
1345 1430
1192 957
1827 508
142 177
1150 7
891 869
621 1186
906 1560
438 1622
1397 441
1933 190
1073 1238
731 798
1778 1526
37 1051
1903 1451
757 835
843 917
1129 1894
1873 47
1100 1089
1598 120
179 456
987 143
718 1807
367 911
162 586
1719 1182
1 1867
80 766
10 59
1656 1851
814 1473
1963 1497
792 217
1586 1278
903 548
1344 478
1695 1782
1690 988
2028 446
1853 282
1864 197
1600 447
1979 34
834 1580
598 244
1914 844
554 867
93 2033
1264 601
911 1259
1587 1793
1968 1676
1924 163
1021 1005
918 1997
1023 1151
358 1352
1119 1252
1641 1828
215 1565
1512 1468
304 1708
472 1397
1860 194
1934 1789
460 1866
1016 689
1776 391
1848 753
1632 168
1130 1856
42 184
1304 1455
1280 1910
296 334
1258 1014
1857 922
1011 1489
304 200
1273 1340
1487 1352
614 1514
791 13
870 1
1840 941
1003 1799
1541 94
526 110
2016 1378
1748 34
1740 1856
670 598
2026 1537
320 2044
1946 1429
871 1692
1462 357
1219 556
110 469
399 1566
309 1821
1267 861
2018 1240
413 152
1106 1543
400 1402
2034 989
788 1267
1384 1195
514 1432
84 726
953 1613
1760 332
1235 577
137 2042
863 1635
915 968
812 185
1613 1102
378 675
583 1057
1509 730
520 1348
621 1237
944 582
1955 1456
482 252
911 875
1412 1752
1394 661
1452 344
489 1992
729 282
1441 381
339 570
336 606
1438 912
852 851
357 1087
1814 1348
1833 17
1006 1690
1417 16
1401 1538
1517 956
662 1883
1787 1481
838 1654
1308 1272
1391 1303
1476 328
1398 884
1925 2044
1975 1752
1642 1550
1879 1364
569 614
936 1477
726 1345
190 992
1165 861
1858 588
1170 1203
214 814
709 1085
1874 1762
1078 24
2002 679
1604 1326
1182 1418
429 1188
307 546
592 549
3 682
798 983
1121 794
1671 1696
842 123
1206 1003
435 1358
224 531
1518 559
533 861
1551 1693
1938 836
1645 1319
800 322
128 1456
130 1800
716 238
278 1417
384 1592
1745 1432
1232 1128
1545 786
1405 914
258 579
234 1912
180 371
272 1124
380 727
328 1194
82 1411
1882 1654
424 1764
364 1448
106 1600
227 1546
979 793
405 42
708 1866
874 1893
677 612
1229 1723
1648 846
432 921
1471 1288
1986 525
1447 1742
1236 904
525 1480
675 972
352 1863
2028 1308
403 1596
1037 968
250 866
407 1775
539 1524
1959 761
1493 1760
1742 1588
964 884
1881 1588
1701 42
1518 377
148 786
795 962
1152 1494
188 224
1122 1478
62 955
998 90
166 443
252 348
1663 738
1733 1752
157 2047
1290 1032
1714 772
322 1660
1241 979
1402 1884
1206 551
586 272
425 1138
36 373
1122 913
574 604
1961 1038
1064 2003
1929 677
1461 982
1332 442
49 1232
425 1947
55 829
641 1863
150 1891
1195 428
742 868
2041 275
2047 1333
342 193
1418 1561
1103 1257
844 57
1320 747
1256 765
634 986
1651 921
1817 1720
103 375
1634 124
793 1988
1129 1066
498 859
491 60
699 586
1742 418
1678 652
852 676
1511 1220
1457 251
948 1523
326 1277
1983 1413
1152 832
1346 334
157 897
234 1452
320 1749
576 1988
1018 868
1922 586
1878 1161
693 804
1350 580
490 430
1022 1022
1998 75
1487 2
329 654
854 1786
55 1492
603 2041
1398 113
1751 1436
1455 853
1401 1390
1862 20
16 788
1660 1628
904 1384
1991 1717
1217 887
1191 1611
362 1472
679 224
1083 1894
1830 348
126 1502
21 7
105 427
1284 934
109 439
1697 677
70 1429
251 1207
416 750
38 1938
1192 728
1213 300
389 1655
1406 1064
1000 1217
1514 1056
1158 1774
1008 1134
1213 1819
967 1955
174 1232
1084 1498
1214 689
1115 1057
1743 1583
1791 1870
833 1608
269 1198
2029 1752
940 1226
1513 1842
1748 354
2011 204
1908 508
257 1482
1072 346
1622 744
1989 1300
728 1814
1901 959
1005 246
97 647
1704 1163
632 553
105 1215
2045 761
283 1567
1605 1766
1344 954
1866 1678
1617 341
1817 1842
1912 1999
1386 968
1904 365
1081 1056
400 1034
670 1173
1025 527
318 1268
1922 1933
1392 444
502 1445
1343 737
1191 519
213 943
1559 1086
1015 152
1300 1198
473 2039
1424 1635
1939 2013
632 625
540 929
181 304
1656 1085
1714 56
248 1492
1694 1598
1801 1087
1343 1051
62 404
301 575
1240 508
1889 1884
716 656
225 228
1484 156
1608 853
667 1944
121 913
928 1607
451 1263
456 1179
192 656
1492 359
463 1331
1536 1804
1479 1465
628 1103
1369 1898
28 430
2021 631
83 1143
135 1680
525 21
1055 171
1052 277
384 1144
1077 1715
301 1881
618 339
856 1219
10 601
43 1111
1078 981
907 1222
346 213
520 1997
106 2011
2009 2015
238 1309
1324 1400
1238 1134
1969 1326
776 689
327 404
743 796
1535 121
594 1769
548 1743
94 620
1590 1037
1012 765
1375 1386
743 1980
416 1216
1069 1760
566 346
1497 352
91 934
876 932
1583 1717
1145 2026
1087 756
778 1021
1355 2006
28 308
690 1166
1502 666
72 127
243 60
1471 250
1176 71
11 1036
501 788
1089 1277
1882 1930
452 794
1062 844
1124 794
1608 55
1043 1583
954 1442
1045 998
196 893
702 2024
468 947
1737 1472
1997 119
931 218
110 1305
188 210
656 430
1371 668
670 1526
1099 27
1347 1549
1430 1519
724 1533
1840 845
453 680
902 349
456 1580
604 1941
1725 1853
213 745
1201 788
207 1762
1551 1253
593 1868
1806 1773
1900 1554
1300 1321
53 1245
1161 315
450 646
437 2
1303 1714
471 318
1488 1723
1450 100
469 1719
21 1487
904 1105
1571 448
1110 600
1286 1816
819 1892
251 1196
1785 1540
964 1613
258 1151
491 1527
1618 1885
1214 1097
818 1631
438 480
891 1212
407 451
937 1174
1775 1180
394 786