8091 3691
1832 279
976 94
782 5462
4920 4331
6515 4725
7870 1077
3741 7649
5004 1756
2182 5354
941 2497
74 5231
7399 2742
7502 2302
5890 2061
6334 7932
6696 2126
4883 1501
4787 6414
1008 8058
1326 114
346 2401
4223 7197
6380 57
3643 6220
913 4759
2976 6824
636 4168
3771 4535
7953 955
4570 3270
5020 7611
5634 3233
585 5790
100 1706
991 1634
1463 3547
5996 7682
6868 3242
7558 4953
6095 7288
2392 7803
2311 2283
2592 184
2361 5397
711 6864
5199 1141
608 4158
578 6488
7772 551
5450 5329
4808 5322
4407 517
4472 362
2295 2050
2210 1062
956 4862
5148 3526
5808 6673
4533 3442
109 686
1460 4933
4110 2563
1290 5193
5307 4412
4301 2288
131 6022
3057 894
6646 4107
5986 783
7194 3909
6260 3613
156 5899
7580 5251
895 4400
307 2593
6718 7004
6778 2400
1783 2749
6823 5645
131 2527
3089 8004
4806 5771
6816 4471
6847 4171
2203 6977
7429 4972
7354 6211
1024 100
1521 6476
1961 3669
7548 2337
4202 4873
5726 3740
4359 3404
5550 2472
2820 962
1089 5761
510 1249
2137 5419
7202 2438
1330 179
2637 1622
5088 3893
7388 5773
4614 6174
2708 539
2416 3927
3346 1759
2601 6859
1757 4299
5620 2498
4028 7297
1894 7551
1390 5218
1217 5869
7261 6180
2701 6436
4900 3046
5582 3162
7311 1562
4544 1099
2392 1359
2200 6444
4589 6555
5809 82
226 5116
6219 2898
663 2878
1388 2066
6793 5511
5915 1152
2521 918
5053 5425
3803 6994
7243 6702
1680 2064
7602 6544
3550 1224
4989 160
6689 1538
3328 4990
6926 5280
2998 5756
234 5897
6054 3501
607 4926
2420 3505
82 4565
3444 1853
240 133
6414 1469
5817 2936
7293 3150
1694 4429
3481 5254
1713 5998
2579 5386
3415 5868
7238 5264
269 6027
6148 3887
1959 6892
7509 6702
6294 2316
3479 1407
6601 3490
2402 3366
3634 4356
8145 2260
3838 940
3301 4318
1425 6276
7750 4022
2221 1311
915 813
4251 4019
6105 5050
7541 144
6705 2151
6895 3918
7798 1837
1040 3250
5997 6995
5885 2267
2307 4572
6228 1245
779 2120
861 2054
4181 6402
2217 5944
3792 7293
4424 4762
1615 3266
1673 3828
1378 1426
1055 6279
3493 3275
3744 356
6435 205
3615 643
1360 3613
897 2652
6200 3744
6054 964
3076 1295
2514 4816
2702 1182
1120 630
5741 4396
5432 5148
5062 3806
3333 4721
3687 917
805 2804
7365 6559
1136 7913
4536 5371
6964 5774
1938 5300
7149 6574
3167 7574
5254 4876
1036 3093
5342 6584
5323 8085
5121 6582
1287 2994
1252 7871
8141 5128
6477 5683
4879 4213
1537 5268
5756 2658
7881 3413
3389 1312
7471 3849
4520 3081
3198 2227
4149 6010
4140 3656
7387 6067
1723 6594
6264 4377
3649 2908
1641 2969
5799 4017
1794 3779
6184 5601
2621 6582
3525 3261
5658 4673
6171 3518
4819 1739
5366 616
2104 7218
7546 7898
7641 6876
5217 8010
2968 7754
3692 6347
2462 4467
2835 1528
4937 2585
7728 2426
3251 8167
1016 6599
274 1363
4072 1998
6834 4494
6519 3324
3009 597
959 6766
8021 938
2441 837
4659 594
8093 7855
1180 5742
6617 3070
1352 7823
5281 1241
2322 5289
5691 4443
513 7842
4035 227
185 212
2877 7145
6356 7074
3661 4579
5475 1212
874 5518
6178 6871
5566 7783
6895 4120
8040 2981
7615 1629
4903 6389
4098 707
8146 3415
5717 5868
1768 3588
3422 4225
828 2533
2372 8113
16 955
5223 7839
5008 526
7341 7174
1479 5078
191 3807
934 6242
7963 7811
1318 270
6463 8070
4200 3512
6964 4558
3917 7013
6692 7583
6343 406
1486 7460
1387 4587
5251 7376
3116 494
6032 4504
8133 5184
1686 8033
2280 4615
6488 2209
2270 912
7379 4453
2734 5613
5459 4455
3842 2142
7489 4924
7390 7788
7886 4110
5297 4573
5284 2530
1282 2301
6035 2300
2945 2896
6367 1749
1933 1954
909 6622
1338 5414
5113 5537
925 3653
6756 6919
1047 2421
4318 6748
2574 5532
6818 3443
3391 1671
3375 2747
2296 7980
2775 5276
6076 1593
766 2713
1588 2698
4885 1794
1595 3553
4499 5411
4691 6521
3112 7438
2870 153
1535 7456
6393 5928
2456 5096
1339 5285
590 4355
7235 5676
172 6219
3095 7414
1530 4829
7821 386
91 7581
4095 128
591 6257
149 3680
5411 1507
4311 7020
4873 3326
2435 5924
3981 4433
5610 277
1501 5283
2878 2860
5402 3784
3475 2483
4830 6260
7901 3073
2365 6753
6260 988
1116 2750
3050 1467
5865 7174
7441 1985
3560 7195
4240 3844
4902 3525
5810 2382
6392 1126
4558 1207
5632 6247
1465 7749
6311 3511
6153 1430
285 3211
6045 7794
1742 7200
1885 3103
6676 1875
2573 3614
465 6604
6773 1811
682 2956
5807 1534
7466 7617
2940 7347
4565 734
7255 2008
5596 4762
2130 6510
7811 5747
7807 1041
152 4840
3550 2059
4047 6992
5402 637
4264 559
4600 6156
7798 3134
1267 1987
1335 7100
7197 1666
9 6692
5099 4262
7618 981
4782 5633
5740 6979
1197 5530
3881 7182
5436 1041
5391 4781
6752 6934
4105 4326
7162 5329
6431 2822
5978 7684
5514 3307
293 314
4869 4740
6302 4065
307 5421
4797 4302
5424 2497
7281 4857
3246 2767
4554 3364
1884 3031
2871 7508
4585 1783
6081 3131
7460 7169
19 6124
1091 155
7058 1544
976 7102
4590 6066
2832 1769
7520 2632
1292 5184
7581 3872
3559 5978
6810 5386
6985 5811
3856 4328
2268 5064
5081 4886
2122 191
426 3973
2277 6930
644 685
1868 3410
1772 4445
90 1618
7667 473
4681 1458
5870 5693
6059 3239
7775 2279
1156 886
7957 2296
6141 4407
1952 1591
3220 481
4559 3825
2978 249
3680 4123
7451 7141
1314 6016
5094 2410
33 2572
7436 985
5661 5631
7170 5482
6378 3052
8063 667
3157 4980
7792 730
364 5294
1758 7642
6833 8133
1096 2519
3243 5430
2079 2002
6678 7801
7601 5556
5722 3280
2234 3733
5769 6144
3812 6187
6475 1575
3283 1534
151 7816
3721 2140
6480 548
6933 7381
2803 5252
6351 2492
3184 1457
151 5316
3952 6888
1497 545
3314 4063
6396 3156
1665 7760
662 4724
2191 5997
3612 4884
2509 1071
145 4852
6283 4421
1556 6571
1099 7223
2951 518
4949 3338
4071 6796
6582 5709
4905 1048
6607 2374
3191 5031
4914 4642
7075 813
289 7790
5274 5697
47 3040
4392 3592
1413 1637
5395 4106
6333 4138
2276 2366
2890 5547
1528 7940
2487 464
3419 6056
6343 5125
1288 490
2863 5265
3203 5126
1735 991
4444 1876
5857 4714
6995 2788
1147 4650
4814 8117
1655 3012
1258 6695
6355 7207
6194 2323
4232 5916
739 4821
1171 5345
3504 3868
1949 398
2254 4631
3905 6600
5907 3866
1877 2011
7703 8090
7367 5225
6707 5346
585 7810
6205 6615
2560 7835
6697 7386
1582 5995
619 5116
7270 7997
3618 3788
3073 5351
30 1419
2959 7927
7551 7707
1841 5020
7620 2300
4809 1819
7875 1469
198 2067
3279 1285
3570 6183
8146 4352
729 6305
6115 7018
1578 2603
7146 3625
3240 378
4235 6265
452 5770
5769 1138
6377 3742
4314 8118
1639 367
6789 5378
3577 3725
2599 5221
1298 6287
6512 3343
6861 4239
7482 8190
7505 1418
6452 7984
2996 2674
205 7383
1937 924
1257 6846
1781 939
2188 4242
1595 777
4517 2503
964 7886
4439 2098
6622 2045
6411 263
3303 3671
3763 3838
7758 8018
4407 262
7365 3770
4592 398
3421 6423
1153 3144
6555 1501
1255 1995
1882 5967
7078 3157
3803 1780
6275 2769
4696 1752
4505 1537
5050 4591
4821 1789
7855 2297
574 5463
8008 5767
6330 1709
2567 3490
5193 4653
5996 3373
1174 8078
4535 231
582 6185
4701 6899
5647 6802
2580 6599
8120 6135
2389 4544
1546 7658
465 3319
1360 4859
8032 4863
3747 194
5958 942
4579 4032
82 2344
74 411
4397 7492
1515 4889
6675 4949
2927 2715
1259 4558
3095 6322
3497 7787
6601 575
6710 1134
893 1428
3440 6
2677 6983
3750 5536
5832 8187
4930 6586
444 3060
6951 4200
6086 6541
2887 5649
8081 2787
2627 143
6003 3017
8071 5291
6005 1861
1922 7406
2244 2665
7241 6179
4232 2623
5927 5674
1824 1057
3732 7725
1618 2247
6374 2225
6534 4070
1090 6535
6383 1888
6408 2209
55 7119
6217 3415
5837 3208
269 7779
1181 6739
5620 2708
2718 6879
4994 5294
556 874
6899 2606
7529 2402
1640 2771
4790 2296
6759 4504
1845 3651
1076 6677
4543 6301
6674 7041
6146 4193
7452 273
2081 4301
5916 879
5987 4976
255 5587
1116 3044
4338 4358
4661 5202
5613 5612
2995 4529
1774 5858
3220 3425
2048 2838
3388 7862
175 2240
4461 7585
1210 958
4566 39
284 5616
395 4662
5882 4145
2814 1130
2365 5870
4425 5793
2087 4030
7748 4563
4670 6171
5806 5816
1974 7324
7215 6096
1311 8073
228 1121
1066 4602
5911 718
4775 6372
3720 7053
5894 7455
2449 8121
1900 6268
6586 2094
2294 2307
3033 4570
3562 1418
5924 7183
1050 6999
7313 1151
949 5048
4270 3558
2054 2695
6941 6600
5909 1330
5361 1819
7585 3492
183 173
3964 6202
2536 4908
214 2530
2398 5623
3404 1695
3008 4542
6785 3240
5775 7928
5335 6447
28 7094
5870 5592
935 2109
7249 1669
2682 7200
927 4991
1730 8081
5593 595
6111 3775
2789 5767
4281 7731
3263 2482
1604 2192
7291 6075
3053 1793
2153 6299
8119 452
6120 7359
6981 7207
8031 3606
6544 3317
33 3676
4583 165
6684 5738
1378 7348
8073 7130
2016 7088
6011 7642
986 3782
4132 6862
4360 1778
5064 4690
4384 2993
5454 3888
4419 5158
8074 6041
3738 402
6968 3360
5140 2980
7251 1933
8069 6757
955 5202
3474 2822
7185 1770
1053 2115
2322 7303
8055 482
629 8024
6778 7494
3181 2852
1836 4716
2095 4165
3284 332
293 4949
6235 5263
7421 576
6659 5292
3304 5359
7092 966
8070 7045
4040 3524
2535 2426
4685 6889
6479 131
7559 7676
6582 5029
7162 3282
296 4093
6859 2983
1589 4796
4613 1401
6041 2231
5652 3846
2428 4687
3913 3355
7948 7522
7941 848
7804 3519
7158 1428
7297 3001
604 8100
4507 2034
1246 2563
5591 5276
5760 4172
2883 2296
3397 6529
2011 5413
1274 3533
7690 3554
1543 1927
4194 7069
3927 5556
7861 6838
1472 3935
2047 1879
1456 4149
5634 2756
932 7121
725 3937
286 5656
4823 4444
4488 6383
2428 4655
5667 5012
1813 6979
405 7110
4297 3895
6442 3884
2543 2277
2292 4712
2726 940
6873 1725
6239 2485
2754 1698
6708 5236
4698 341
5859 6877
1382 1640
691 6524
244 419
3949 3502
97 7885
4772 429
5373 4901
2826 1522
4508 306
5127 678
4450 7014
6249 5319
7936 1538
3703 7318
884 2315
3878 4640
1076 3399
2372 2156
6692 2964
2886 7573
7198 6891
6578 3508
53 4386
5408 7879
6884 7053
1223 7560
3638 6825
3956 5643
1729 7762
5137 2281
461 2936
6183 4001
5427 278
4659 6883
1229 3599
2001 5718
7640 3592
5610 2580
4481 7870
2255 5581
5403 7332
4512 6361
2177 918
6242 6498
5864 2971
2457 6359
6442 4514
2775 6667
5224 7717
7194 7237
3848 6311
8074 7188
6065 3335
3316 3745
3315 2263
4651 5449
1362 4638
2312 5722
6684 320
1094 5229
3434 7544
5775 547
1426 4619
5328 3231
7427 6983
1051 7806
2614 6869
803 6570
5175 7235
582 851
1956 3017
3916 3549
3744 3179
2927 5425
5035 3917
2956 7816
2415 4143